51001 10 6 6 6 6 6 6 6 6 6 6 6 6 6 6 6 6 6 6 6 7 7 9 11 13 15 18 22 26 30 36 42 49 57 67 78 90 105 121 140 162 186 214 245 280 320 364 414 469 530 597 669 748 833 923 1018 1116 1217 1318 1418 1515 1605 1687 1758 1816 1858 1883 1890 1879 1850 1804 1742 1668 1583 1490 1391 1289 1187 1086 988 894 805 722 645 575 510 451 399 351 309 271 238 208 182 159 139 121 106 92 80
51003 10 6 6 6 6 7 7 7 7 7 7 8 8 8 9 9 10 11 11 12 13 14 19 24 30 37 46 56 68 81 97 116 137 162 191 224 263 307 358 416 483 559 645 743 854 979 1120 1277 1452 1646 1859 2094 2348 2623 2916 3226 3551 3886 4227 4566 4899 5216 5509 5770 5990 6163 6281 6341 6340 6278 6158 5983 5760 5497 5201 4882 4548 4207 3867 3532 3209 2901 2610 2339 2089 1859 1650 1461 1290 1137 1001 879 771 676 592 518 452 395 345 301
51005 10 6 6 6 6 6 6 6 6 6 6 6 6 6 7 7 7 8 8 9 10 10 14 18 22 27 33 40 48 57 67 79 93 108 125 144 166 189 216 245 276 310 347 386 427 469 513 558 602 645 687 725 760 790 813 831 841 844 839 826 807 782 751 715 676 635 592 549 505 463 422 383 346 312 280 251 224 200 177 158 140 124 109 96 85 75 66 58 51 45 39 35 30 27 23 21 18 16 14 12
51007 10 6 5 5 5 4 4 4 3 3 3 3 3 3 3 3 2 2 2 2 3 3 3 4 5 6 7 9 10 12 14 17 20 23 27 32 37 43 50 57 66 76 88 100 115 131 149 169 191 215 242 271 301 334 369 406 443 481 520 557 594 627 658 685 706 722 732 736 732 723 707 685 659 628 594 558 520 482 444 406 370 335 302 272 243 217 193 171 152 134 118 104 92 81 71 62 54 47 42 36
51009 10 6 6 6 5 5 5 5 5 5 5 5 5 5 5 5 5 6 6 6 7 7 10 12 15 19 23 28 33 40 47 56 66 78 91 106 123 143 166 192 221 254 291 332 379 430 487 550 619 693 773 859 949 1043 1140 1238 1336 1432 1523 1607 1681 1744 1792 1826 1842 1840 1822 1786 1734 1669 1592 1506 1413 1316 1217 1118 1021 927 837 753 675 602 536 475 420 371 327 287 252 221 194 169 148 129 113 99 86 75 65 57
51011 10 6 8 8 10 11 12 13 15 16 18 20 22 24 27 30 33 36 40 44 49 54 59 65 72 79 87 96 106 116 128 140 154 169 185 202 221 241 263 286 310 336 363 391 420 450 481 512 542 572 601 629 654 677 697 714 726 735 739 738 733 723 709 691 670 645 618 588 557 524 491 458 425 393 362 332 303 276 251 227 205 184 166 148 133 118 106 94 84 74 66 58 51 45 40 35 31 28 24 21
51013 10 6 6 6 6 5 5 5 5 5 4 4 4 4 4 3 3 3 3 3 3 3 3 4 4 5 6 7 8 9 10 12 14 17 19 22 26 30 35 41 48 56 65 76 88 102 119 138 160 185 215 249 288 334 386 447 516 596 688 793 914 1052 1209 1389 1593 1825 2087 2383 2715 3086 3500 3959 4464 5016 5616 6261 6948 7671 8423 9191 9964 10725 11455 12135 12745 13264 13674 13960 14111 14119 13985 13714 13316 12805 12200 11521 10788 10023 9244 8468
51015 10 6 7 8 8 9 9 10 10 11 12 12 13 14 15 16 17 18 19 20 22 23 30 37 45 55 66 79 93 110 130 152 177 207 240 278 321 369 424 486 556 634 722 819 927 1046 1178 1321 1477 1645 1825 2015 2216 2424 2637 2853 3067 3276 3475 3659 3823 3963 4074 4152 4196 4202 4173 4107 4008 3878 3722 3544 3350 3144 2930 2714 2500 2290 2087 1894 1712 1541 1383 1237 1104 982 872 773 684 604 533 470 413 363 319 280 246 215 189 165
51017 10 6 6 5 5 4 4 4 4 3 3 3 3 3 3 3 3 3 3 3 3 3 4 5 6 7 8 10 11 13 15 17 20 23 26 30 34 39 44 49 55 62 69 77 86 95 105 115 126 137 148 160 171 182 192 201 209 216 222 225 227 228 226 222 217 211 203 194 184 173 162 151 140 129 118 108 98 89 80 72 65 58 52 46 41 37 33 29 26 23 20 18 16 14 12 11 9 8 7 6
51019 10 6 6 6 6 6 6 6 6 6 6 7 7 7 8 8 9 10 11 12 13 14 19 24 31 38 47 57 69 83 100 119 141 167 197 231 271 317 369 429 498 575 663 762 874 999 1138 1291 1461 1645 1846 2061 2289 2529 2779 3033 3289 3540 3781 4006 4208 4380 4517 4614 4667 4674 4635 4551 4425 4262 4068 3849 3611 3362 3107 2852 2602 2360 2130 1913 1712 1525 1355 1200 1060 934 821 721 632 553 484 422 369 321 280 244 212 185 161 140
51021 10 6 7 8 8 9 9 10 11 12 13 13 15 16 17 18 20 21 23 25 27 29 32 34 37 40 44 48 52 57 62 67 73 80 87 94 103 112 121 131 142 153 165 177 190 203 216 229 242 254 266 276 285 293 299 303 305 305 303 299 292 284 273 262 249 235 221 206 191 177 162 149 135 123 111 100 90 80 72 64 57 51 45 40 35 31 27 24 21 19 16 14 13 11 10 8 7 7 6 5
51023 10 6 8 9 10 11 13 14 16 18 20 23 26 29 32 36 40 45 50 56 62 70 78 87 97 108 121 135 151 169 189 211 235 262 292 325 362 402 446 494 547 603 664 729 798 871 947 1026 1107 1188 1269 1348 1424 1494 1558 1614 1660 1694 1717 1726 1721 1704 1673 1630 1577 1514 1443 1367 1286 1202 1118 1034 951 871 795 722 653 589 530 475 425 380 338 301 267 237 209 185 163 144 127 112 98 87 76 67 59 51 45 40
51025 10 6 6 6 5 5 5 5 5 5 5 5 5 5 5 5 6 6 6 7 7 8 10 13 16 20 24 29 35 42 50 59 69 81 94 110 127 147 170 195 222 253 287 324 365 408 454 503 553 605 658 710 760 807 851 888 919 942 957 962 958 945 923 893 856 814 768 718 667 615 564 514 466 420 378 338 302 268 238 211 186 164 144 127 111 98 86 75 66 57 50 44 38 34 29 26 22 20 17 15
51027 10 6 6 6 5 5 5 5 5 5 5 5 5 6 6 6 7 7 8 8 9 10 13 17 21 25 31 37 45 54 64 75 89 104 121 141 164 189 218 251 287 327 371 419 471 528 589 653 719 788 857 926 993 1056 1114 1164 1206 1237 1256 1263 1258 1240 1210 1170 1121 1064 1001 935 867 797 729 663 599 539 483 431 383 340 301 265 233 205 180 158 138 120 105 92 80 70 61 53 46 40 35 30 26 23 20 17
51029 10 6 6 5 5 5 5 4 4 4 4 4 4 3 3 3 3 3 3 3 3 3 4 5 6 7 9 10 12 14 17 20 23 27 32 37 43 50 58 67 77 89 102 118 135 154 176 200 226 256 289 325 364 405 450 498 547 598 650 702 753 802 847 888 922 950 969 979 981 973 956 930 897 858 813 765 714 662 609 557 507 459 414 371 332 296 263 233 206 181 160 140 123 108 94 83 72 63 55 48
51031 10 6 6 6 6 6 6 6 6 6 7 7 7 8 8 9 9 10 11 12 13 15 19 25 31 38 46 56 68 81 97 115 135 159 186 218 253 294 341 393 453 520 595 678 771 874 987 1110 1244 1387 1539 1700 1866 2037 2209 2379 2544 2699 2840 2963 3064 3140 3187 3205 3192 3149 3078 2980 2860 2721 2567 2403 2233 2061 1891 1724 1564 1412 1269 1136 1013 901 799 707 624 550 484 425 372 326 286 250 218 190 166 145 126 110 96 84
51033 10 6 8 9 10 11 12 13 15 16 18 20 23 25 28 31 34 38 42 47 52 58 64 71 79 88 98 109 121 134 149 165 183 203 225 249 276 305 337 372 410 451 496 543 594 648 706 766 828 892 958 1024 1090 1155 1217 1276 1330 1378 1419 1453 1477 1492 1497 1491 1476 1451 1417 1375 1325 1270 1209 1145 1078 1010 941 873 806 741 679 620 564 511 463 417 375 337 302 270 241 215 191 170 151 133 118 105 93 82 72 64
51035 10 6 6 6 6 6 6 6 6 6 6 6 6 7 7 7 8 8 9 9 10 11 14 17 22 27 32 39 47 56 66 78 92 108 127 148 172 199 230 264 303 347 396 450 510 575 646 723 804 891 981 1074 1169 1263 1354 1442 1522 1593 1652 1698 1728 1743 1740 1720 1684 1633 1569 1495 1412 1322 1230 1135 1041 949 861 777 698 624 556 494 438 387 342 301 264 232 203 178 155 136 119 103 90 79 69 60 52 45 39 34
51036 10 6 6 6 6 6 6 6 6 6 6 6 6 6 6 6 6 7 7 7 7 8 8 9 9 10 11 12 13 14 15 17 19 21 23 26 29 32 36 40 45 50 56 63 70 78 87 97 108 119 132 146 160 175 192 208 226 243 261 278 295 310 325 338 348 357 362 365 365 362 357 348 337 324 309 293 275 257 238 220 202 184 167 151 136 122 109 98 87 77 68 60 53 47 41 36 32 28 24 21
51037 10 6 8 8 9 10 11 12 13 15 16 18 20 22 24 26 29 32 35 39 42 47 51 57 62 69 76 83 91 101 111 122 133 146 161 176 192 210 229 249 270 292 316 340 365 390 415 440 464 487 509 528 545 559 570 577 580 579 575 566 553 537 519 497 473 448 422 395 368 341 314 289 264 241 219 198 179 161 144 129 116 103 92 82 73 65 57 51 45 40 35 31 27 24 21 18 16 14 13 11
51041 10 6 8 9 10 11 13 14 15 16 18 19 21 23 25 27 30 32 36 39 43 47 62 78 97 119 145 176 212 254 302 359 424 500 588 689 805 939 1092 1268 1468 1696 1956 2250 2583 2957 3378 3849 4373 4954 5595 6297 7062 7890 8777 9719 10709 11737 12790 13852 14903 15920 16881 17758 18528 19164 19647 19959 20088 20030 19785 19363 18778 18050 17202 16260 15250 14199 13130 12064 11020 10013 9054 8150 7307 6528 5813 5162 4572 4040 3563 3137 2758 2421 2123 1859 1627 1423 1243 1085
51043 10 6 6 7 7 7 7 7 7 8 8 8 8 9 9 9 10 10 11 11 12 13 14 15 16 17 18 19 21 23 25 28 30 34 37 41 45 50 56 62 69 77 86 96 106 118 131 146 162 179 197 217 238 261 285 310 336 363 390 417 444 471 496 521 544 565 583 600 613 624 632 637 639 638 634 627 618 605 591 574 555 534 511 487 462 436 410 383 357 330 305 280 257 234 213 193 174 157 141 127
51045 10 6 5 5 4 4 3 3 3 2 2 2 2 2 2 2 2 2 2 2 2 2 3 4 5 7 8 10 12 14 16 19 22 25 29 34 38 44 50 57 64 72 81 91 101 112 124 137 150 163 177 191 205 218 231 242 252 261 268 273 275 276 274 270 263 255 245 234 222 209 195 181 167 154 140 128 116 105 94 84 75 67 60 53 47 42 37 32 29 25 22 19 17 15 13 11 10 9 8 7
51047 10 6 6 6 6 5 5 5 5 5 5 5 5 5 5 6 6 6 6 7 7 8 10 12 15 18 22 27 32 39 46 55 64 76 89 105 122 143 166 193 223 258 297 342 392 449 513 585 665 753 850 957 1073 1198 1332 1474 1624 1778 1936 2094 2250 2401 2541 2668 2778 2867 2933 2972 2983 2967 2923 2853 2759 2645 2515 2372 2220 2064 1906 1749 1596 1450 1310 1180 1058 946 844 750 666 589 521 460 405 357 314 276 243 213 187 164
51049 10 6 6 5 5 5 4 4 4 3 3 3 3 3 2 2 2 2 2 2 2 2 2 2 2 3 3 4 4 5 6 7 8 9 11 13 15 17 20 23 27 31 36 42 49 57 65 75 87 100 114 130 148 168 190 214 240 268 298 329 360 393 425 456 486 513 537 557 571 581 584 582 574 560 541 519 492 463 432 400 368 336 305 276 248 222 198 176 156 137 121 106 93 82 72 63 55 48 41 36
51051 10 6 8 8 9 11 12 13 15 16 18 20 22 25 27 30 34 37 41 46 51 56 62 68 76 84 93 102 113 125 138 152 168 185 203 224 245 268 293 320 348 377 408 439 472 504 537 569 600 629 655 679 698 714 725 731 731 726 716 700 680 656 628 597 564 530 494 458 423 388 355 323 292 264 238 213 191 170 152 135 119 106 94 83 73 64 56 50 44 38 34 29 26 23 20 17 15 13 12 10
51053 10 6 6 6 6 5 5 5 5 5 5 6 6 6 6 7 7 8 9 9 10 11 15 18 23 28 34 41 49 59 70 82 96 112 131 152 175 202 232 265 302 344 389 439 494 553 616 684 756 831 909 989 1069 1148 1225 1298 1365 1425 1475 1516 1544 1560 1563 1552 1529 1494 1448 1393 1330 1261 1187 1111 1034 957 881 807 736 669 606 547 493 442 396 354 315 281 249 221 196 174 153 136 120 105 93 82 72 63 56 49
51057 10 6 8 8 9 11 12 13 14 16 18 20 22 24 27 30 33 36 40 44 49 54 60 66 72 80 88 97 106 117 128 140 154 168 183 200 217 235 254 274 295 316 337 359 380 401 421 439 456 471 484 494 501 506 507 505 500 491 480 467 451 433 414 394 372 350 329 307 285 264 244 225 206 189 172 157 143 129 117 106 95 86 77 69 62 55 50 44 40 35 31 28 25 22 20 17 15 14 12 11
51059 10 6 8 9 10 11 12 13 13 14 15 15 16 17 17 18 19 19 20 21 22 23 29 35 42 50 59 70 82 96 113 132 154 179 208 241 279 323 374 432 499 576 664 766 882 1015 1169 1344 1545 1775 2039 2340 2684 3077 3525 4035 4616 5275 6023 6870 7827 8905 10117 11475 12992 14680 16549 18609 20867 23325 25984 28836 31867 35055 38368 41765 45194 48594 51892 55012 57871 60387 62480 64082 65134 65599 65457 64712 63388 61532 59204 56481 53443 50178 46768 43291 39819 36410 33113 29966
51061 10 6 6 6 5 5 5 5 5 5 5 5 5 5 5 5 5 5 5 5 6 6 8 10 12 14 17 21 25 29 35 41 48 57 66 77 90 105 121 141 162 188 216 249 285 327 374 428 488 555 630 713 806 909 1021 1144 1278 1423 1577 1742 1915 2095 2280 2469 2657 2842 3021 3189 3342 3477 3590 3678 3738 3769 3770 3741 3682 3597 3487 3356 3207 3045 2872 2692 2510 2328 2148 1973 1805 1645 1494 1352 1220 1098 986 883 789 704 627 558
51063 10 6 7 8 9 10 10 11 12 14 15 16 18 20 21 23 26 28 31 34 37 41 45 49 54 59 65 71 78 86 95 105 115 127 139 153 169 186 204 224 246 269 294 321 350 380 412 446 481 516 552 587 623 656 688 717 743 764 781 792 797 797 790 778 760 736 708 677 642 605 566 527 488 449 411 375 340 308 277 249 223 199 178 158 140 124 110 97 85 75 66 58 51 45 39 35 30 27 23 20
51065 10 6 6 6 5 5 5 5 4 4 4 4 4 4 4 3 3 3 3 3 3 3 4 5 6 7 9 10 12 14 17 20 23 27 32 37 44 51 59 69 80 92 107 123 142 164 188 216 247 282 322 366 414 468 528 592 662 736 815 898 983 1069 1156 1240 1319 1392 1456 1510 1550 1576 1587 1581 1560 1524 1475 1414 1343 1264 1181 1095 1007 921 837 757 681 610 544 483 428 378 333 293 257 225 197 172 151 131 114 100
51067 10 6 8 9 10 12 13 15 17 20 22 25 29 33 37 42 47 53 60 68 76 86 97 109 123 138 156 175 197 222 249 280 314 353 396 443 496 554 618 689 767 852 945 1045 1153 1268 1391 1520 1655 1794 1937 2080 2222 2361 2492 2614 2724 2817 2892 2946 2978 2985 2968 2927 2864 2779 2676 2557 2426 2285 2139 1989 1839 1691 1547 1409 1278 1154 1039 932 834 744 662 588 522 462 408 360 317 279 246 216 190 166 146 128 112 98 86 75
51069 10 6 9 10 11 13 15 18 21 24 28 32 36 42 48 55 62 71 81 93 105 120 137 155 176 200 227 258 292 331 375 424 479 540 609 686 772 867 972 1088 1216 1356 1509 1674 1852 2043 2245 2458 2679 2908 3140 3372 3601 3821 4028 4217 4383 4520 4625 4694 4726 4717 4670 4585 4464 4312 4134 3933 3716 3488 3253 3016 2782 2554 2333 2124 1926 1741 1569 1411 1266 1134 1014 905 807 719 640 570 507 450 400 356 316 280 249 221 196 174 154 137
51071 10 6 8 9 10 11 12 14 15 17 19 21 24 26 29 32 36 40 45 50 55 61 68 75 84 93 103 114 126 139 154 170 187 206 226 249 273 298 326 355 386 418 452 486 522 557 593 628 662 695 725 752 775 794 808 818 821 819 812 799 781 758 732 701 668 632 595 557 519 481 444 408 373 340 309 279 252 227 204 183 163 146 130 115 103 91 81 71 63 56 49 43 38 34 30 26 23 20 18 16
51073 10 6 6 6 6 6 6 6 6 6 6 6 6 6 6 7 7 7 8 8 9 9 12 15 18 22 27 33 39 47 55 65 77 90 106 123 144 167 193 223 257 296 339 387 442 502 569 643 724 812 906 1007 1114 1226 1341 1459 1575 1690 1798 1899 1988 2063 2122 2162 2181 2180 2157 2114 2053 1975 1883 1780 1670 1554 1436 1319 1203 1092 987 887 794 709 630 559 494 436 384 338 297 260 228 199 174 152 133 116 101 88 77 67
51075 10 6 5 5 5 4 4 4 3 3 3 3 3 3 2 2 2 2 2 3 3 3 4 4 5 7 8 10 12 14 17 20 23 27 32 38 44 51 59 69 79 92 106 122 140 160 183 210 239 272 308 348 393 442 495 552 614 679 747 818 890 963 1034 1102 1165 1222 1271 1310 1337 1352 1354 1343 1319 1283 1237 1182 1119 1051 980 907 834 762 692 625 563 504 450 400 355 314 277 244 214 188 165 144 126 110 96 84
51077 10 6 8 8 9 11 12 13 14 16 18 20 22 24 27 30 33 36 40 44 49 54 60 66 73 81 90 99 109 121 133 147 162 179 197 216 237 260 285 311 339 369 400 433 466 501 536 570 605 638 669 698 723 745 762 775 782 783 779 769 754 733 708 679 646 612 575 537 499 461 424 388 354 321 290 261 235 210 188 168 149 132 117 104 92 81 71 63 55 49 43 38 33 29 25 22 19 17 15 13
51079 10 6 8 8 9 10 11 13 14 15 17 19 21 23 25 28 30 33 37 41 45 49 54 59 65 72 79 86 95 104 114 126 138 151 166 181 198 217 237 259 282 307 333 361 391 423 456 490 525 561 598 634 671 707 741 774 804 832 855 875 890 900 905 905 899 888 872 851 825 796 763 728 690 651 611 571 531 492 453 416 381 347 316 286 259 233 210 188 169 151 135 120 107 95 84 75 66 58 52 46
51081 10 6 8 9 10 11 13 14 16 18 20 22 24 27 30 34 37 41 46 51 56 63 69 77 85 94 103 114 126 139 152 168 184 201 220 240 261 283 306 330 354 379 403 428 452 474 495 514 531 544 555 561 565 564 559 551 539 524 506 485 463 439 414 388 362 336 311 286 263 240 219 199 180 163 147 132 119 106 95 85 76 68 60 54 48 42 38 33 30 26 23 21 18 16 14 13 11 10 9 8
51083 10 6 8 9 10 12 13 15 17 19 22 25 28 32 36 41 46 52 59 66 75 85 95 108 121 137 154 173 195 219 246 276 309 345 386 430 479 532 590 652 719 791 867 946 1029 1114 1201 1288 1373 1456 1534 1605 1668 1721 1762 1790 1804 1804 1789 1759 1717 1662 1597 1524 1443 1358 1269 1180 1090 1003 918 836 759 686 618 556 498 445 397 353 314 279 247 218 193 170 150 132 117 103 90 79 70 61 54 47 41 36 32 28
51085 10 6 6 6 6 6 6 6 6 6 6 7 7 7 7 8 8 9 9 10 11 12 16 20 24 30 37 44 54 64 77 91 108 128 150 176 207 241 281 327 380 440 509 587 676 776 890 1017 1161 1321 1499 1696 1912 2148 2405 2681 2975 3285 3608 3940 4276 4609 4933 5239 5520 5766 5970 6125 6225 6266 6247 6167 6031 5843 5608 5337 5035 4713 4379 4041 3704 3375 3059 2759 2478 2216 1975 1755 1554 1373 1211 1066 936 821 719 629 550 481 419 366
51087 10 6 9 11 13 16 19 22 25 29 33 38 43 49 56 64 72 82 92 104 118 133 151 170 193 218 247 279 316 358 405 458 519 588 666 754 854 967 1095 1240 1403 1588 1795 2029 2291 2586 2915 3282 3691 4145 4646 5198 5802 6461 7173 7939 8755 9617 10518 11448 12394 13341 14272 15165 15998 16749 17395 17914 18288 18503 18550 18427 18136 17687 17095 16379 15562 14666 13718 12739 11750 10772 9819 8903 8035 7220 6463 5765 5126 4546 4021 3549 3127 2750 2415 2117 1855 1623 1419 1240
51089 10 6 6 6 6 6 6 6 6 6 6 6 7 7 7 8 8 9 9 10 11 12 15 19 24 29 36 43 52 62 73 87 103 121 141 165 193 224 260 301 347 399 458 524 598 681 772 873 983 1103 1232 1370 1516 1669 1826 1986 2145 2300 2448 2585 2706 2809 2888 2943 2970 2969 2939 2882 2800 2695 2572 2434 2284 2128 1969 1810 1654 1503 1359 1223 1096 979 871 773 684 604 533 469 412 361 316 277 242 211 185 161 140 122 107 93
51091 10 6 7 7 8 8 9 9 10 10 11 11 12 13 13 14 15 15 16 17 18 18 19 20 21 22 23 24 25 26 27 28 29 30 32 33 34 36 37 39 40 42 44 46 48 50 52 54 56 59 61 64 66 69 71 74 76 78 80 82 83 84 84 85 84 83 82 80 78 75 72 69 65 61 57 53 49 46 42 38 35 32 29 26 23 21 19 17 15 13 12 10 9 8 7 6 6 5 4 4
51093 10 6 6 6 6 6 6 6 6 6 7 7 7 8 8 9 10 11 12 13 14 15 20 26 32 39 48 58 69 82 97 114 134 157 182 211 244 281 322 369 420 477 540 609 684 766 853 946 1044 1146 1252 1359 1467 1572 1673 1768 1854 1929 1990 2036 2065 2076 2069 2043 2000 1942 1869 1785 1691 1591 1486 1380 1273 1168 1066 968 876 789 709 635 567 505 449 398 352 311 275 243 214 188 165 145 128 112 98 86 76 66 58 51
51095 10 6 9 10 11 13 15 18 20 23 26 29 33 38 43 48 54 61 69 78 88 99 111 125 140 158 178 200 225 253 285 321 360 405 455 510 572 641 718 803 897 1000 1113 1237 1371 1517 1673 1840 2016 2201 2394 2591 2791 2991 3187 3374 3549 3708 3845 3957 4040 4091 4108 4091 4040 3957 3843 3702 3539 3357 3162 2958 2750 2541 2335 2135 1943 1760 1589 1429 1281 1145 1021 909 807 715 633 559 493 435 383 337 296 260 228 200 176 154 135 118
51097 10 6 5 5 5 4 4 4 3 3 3 3 3 3 2 2 2 2 2 3 3 3 4 4 5 7 8 9 11 13 15 18 21 24 28 32 37 42 49 55 63 71 81 91 102 114 128 142 158 174 192 210 229 248 267 286 304 321 337 352 363 373 379 383 383 380 374 365 353 339 323 306 287 268 249 229 211 192 175 158 143 128 115 103 92 81 72 64 57 50 44 39 34 30 26 23 20 18 16 14
51099 10 6 8 9 10 11 13 14 16 18 21 23 26 30 34 38 43 48 54 61 68 77 86 97 109 122 136 153 171 191 213 237 264 293 326 361 399 440 484 531 581 634 690 747 806 866 926 985 1042 1096 1146 1191 1229 1261 1284 1298 1304 1300 1286 1265 1235 1198 1154 1106 1053 998 940 882 824 767 711 657 605 556 509 466 425 387 351 319 289 261 236 213 192 172 155 139 125 112 100 89 80 71 64 57 50 45 40 36
51101 10 6 6 5 5 5 5 4 4 4 4 4 3 3 3 3 3 3 3 3 3 3 4 4 5 6 8 9 11 13 15 18 21 24 29 33 39 45 52 61 70 81 93 107 123 141 161 184 209 237 268 302 338 378 421 467 515 566 617 669 721 771 818 861 899 931 955 971 978 975 964 943 915 879 838 792 742 691 638 586 535 486 439 395 354 316 281 250 221 195 172 151 133 117 102 89 78 68 60 52
51103 10 6 6 5 5 5 5 4 4 4 4 4 4 4 3 3 3 3 3 3 3 3 4 5 6 7 9 11 13 15 17 20 24 28 33 38 44 51 59 68 78 89 102 117 133 151 170 192 216 241 269 298 328 360 393 426 458 490 520 547 571 590 605 615 619 617 610 597 579 556 530 501 470 438 405 372 340 309 279 252 226 202 180 160 141 125 110 97 85 75 66 58 51 44 39 34 29 26 22 20
51105 10 6 8 9 10 11 12 14 15 17 19 21 24 27 30 33 37 41 46 52 57 64 71 79 89 99 110 123 137 152 170 189 210 234 260 288 319 354 391 431 474 521 570 622 677 734 792 851 909 967 1022 1074 1121 1162 1196 1221 1237 1244 1240 1227 1203 1171 1130 1082 1029 971 910 847 784 721 660 601 545 492 443 397 355 316 281 250 221 195 172 152 134 118 103 91 79 70 61 53 47 41 36 31 27 24 21 18
51107 10 6 7 7 8 8 8 9 9 10 10 10 11 11 12 12 13 14 14 15 16 17 21 26 31 38 45 54 63 75 88 104 122 142 166 193 225 262 304 352 408 472 545 630 726 837 963 1107 1272 1459 1672 1913 2187 2496 2844 3235 3674 4163 4708 5312 5978 6709 7506 8369 9299 10290 11339 12435 13569 14725 15886 17030 18135 19174 20121 20949 21634 22154 22492 22634 22578 22324 21880 21262 20490 19588 18581 17497 16364 15205 14044 12900 11789 10723 9713 8764 7880 7063 6314 5629
51109 10 6 8 8 9 10 12 13 14 16 17 19 21 23 26 29 32 35 39 43 47 52 57 63 70 77 85 94 104 115 128 141 156 173 192 212 235 260 287 318 351 388 428 472 520 571 627 688 752 821 894 970 1050 1132 1216 1301 1385 1468 1547 1621 1688 1747 1795 1833 1857 1868 1865 1848 1817 1773 1717 1650 1575 1493 1406 1315 1224 1132 1041 954 869 789 713 643 577 517 462 412 366 325 288 255 225 198 175 154 135 119 104 92
51111 10 6 6 5 5 5 5 5 4 4 4 4 4 4 4 4 4 5 5 5 5 6 8 10 12 15 18 22 26 31 37 43 51 60 69 81 93 108 124 142 162 184 209 235 265 296 329 364 401 439 477 515 552 586 618 646 670 688 699 704 703 694 679 659 633 603 570 534 497 459 422 385 350 316 285 255 228 203 180 160 141 125 110 97 85 75 65 57 50 44 38 34 29 26 22 20 17 15 13 11
51113 10 6 8 8 9 10 11 13 14 15 17 19 21 23 25 27 30 33 36 40 44 48 53 58 63 69 76 83 91 100 109 119 130 142 154 168 182 198 214 232 250 270 290 311 333 355 378 400 423 445 467 487 507 524 540 554 565 573 579 581 581 577 570 561 548 533 516 497 476 454 430 406 382 358 334 310 287 264 243 222 203 184 167 152 137 123 111 100 89 80 71 64 57 50 45 40 35 31 28 25
51115 10 6 7 8 9 10 10 11 12 13 15 16 17 19 20 22 24 26 28 30 33 36 39 42 45 49 53 58 62 67 73 79 85 92 100 108 116 125 135 145 156 167 179 192 205 218 232 246 261 275 289 303 317 330 342 354 363 372 379 383 386 387 385 382 376 368 358 346 333 318 302 286 269 251 234 217 200 184 168 153 139 126 114 102 92 82 74 66 59 52 46 41 36 32 28 25 22 19 17 15
51117 10 6 8 9 10 12 13 15 17 20 22 25 29 33 37 42 47 53 60 68 76 86 97 109 123 138 155 174 196 220 246 276 309 345 385 428 476 528 585 645 710 778 851 926 1004 1083 1162 1240 1316 1387 1453 1511 1560 1598 1624 1637 1637 1623 1596 1557 1506 1446 1378 1303 1224 1142 1060 977 897 818 744 673 607 546 489 437 390 346 308 273 241 213 188 166 146 129 113 99 87 77 67 59 52 45 40 35 31 27 23 20
51119 10 6 6 5 5 5 5 4 4 4 4 4 4 4 4 4 4 4 4 4 4 4 5 6 7 9 10 12 14 17 20 23 27 32 37 42 49 56 65 74 85 97 110 125 141 159 179 200 223 248 275 303 333 363 394 425 456 486 513 538 560 578 592 600 604 602 594 581 564 543 518 491 461 430 399 367 337 307 278 251 226 203 181 161 143 127 112 99 88 77 68 60 52 46 40 35 31 27 24 21
51121 10 6 9 10 12 14 16 19 22 25 29 33 38 43 49 56 64 73 83 94 107 121 138 156 177 201 229 259 294 333 377 427 483 546 617 696 784 883 993 1115 1249 1398 1560 1738 1930 2138 2360 2597 2845 3105 3371 3643 3914 4180 4436 4675 4892 5080 5234 5348 5418 5443 5420 5350 5235 5080 4888 4665 4418 4154 3878 3597 3316 3039 2771 2515 2273 2045 1834 1640 1462 1300 1153 1020 902 795 701 616 542 475 417 366 320 280 245 214 187 164 143 125
51125 10 6 6 5 5 5 4 4 4 4 4 4 3 3 3 3 3 3 3 4 4 4 5 6 8 9 11 13 16 19 22 26 31 36 42 49 56 65 75 87 100 114 131 149 170 192 217 245 275 308 343 380 420 462 504 548 592 635 676 715 751 781 806 825 837 841 837 826 808 784 753 718 679 637 594 550 506 463 421 381 344 309 277 247 219 195 172 152 134 118 104 91 80 70 62 54 47 41 36 32
51127 10 6 6 5 5 5 4 4 4 4 3 3 3 3 3 3 3 3 3 3 3 3 5 6 7 8 10 12 15 18 21 24 29 34 39 46 53 62 72 83 96 110 126 145 166 189 215 245 277 313 353 397 444 496 551 610 671 736 801 868 934 999 1060 1116 1166 1208 1241 1263 1274 1273 1261 1238 1204 1160 1109 1051 989 924 856 789 723 659 597 539 484 433 387 344 305 270 238 210 185 163 143 125 110 96 84 73
51131 10 6 6 6 6 6 6 6 6 6 6 6 6 6 6 6 7 7 7 8 8 9 10 11 12 13 14 15 17 19 21 24 26 29 33 37 41 46 52 58 65 73 82 92 103 115 129 143 160 177 197 218 240 265 290 317 346 375 405 435 465 494 522 547 571 590 606 618 624 626 623 614 601 583 561 535 507 477 446 414 382 350 320 290 262 236 212 189 169 150 133 117 104 91 80 71 62 54 48 42
51133 10 6 6 5 5 5 5 4 4 4 4 4 4 4 4 4 4 4 4 4 4 4 5 6 8 10 12 14 17 20 23 28 33 38 45 52 61 70 81 94 108 123 141 160 182 206 232 260 290 322 356 391 427 464 501 536 570 601 629 653 672 685 692 692 687 675 657 635 608 577 544 509 473 437 401 366 332 301 271 243 217 194 172 153 135 120 106 93 82 72 63 55 48 42 37 32 28 25 22 19
51135 10 6 8 9 10 11 12 13 15 17 19 21 23 26 28 31 35 38 43 47 52 58 64 70 78 86 95 105 115 127 140 154 170 186 205 224 245 268 292 318 346 374 404 435 466 498 531 562 593 622 650 675 696 714 728 738 742 742 736 726 711 692 668 642 613 581 548 515 481 447 413 381 349 319 291 264 240 216 195 176 158 141 126 113 101 90 80 71 63 56 49 44 39 34 30 27 24 21 18 16
51137 10 6 6 6 5 5 5 5 5 5 5 5 5 5 6 6 6 7 7 8 8 9 11 14 18 22 26 31 38 45 53 62 73 86 100 116 134 155 179 206 236 271 309 352 400 453 512 576 647 724 807 896 990 1090 1193 1299 1406 1513 1617 1716 1807 1889 1958 2012 2050 2070 2071 2053 2018 1965 1897 1816 1725 1625 1520 1412 1303 1196 1091 991 896 806 723 647 576 512 454 402 355 313 276 243 213 187 164 144 126 110 97 85
51139 10 6 6 6 5 5 5 5 5 5 5 5 5 5 5 5 5 5 5 6 6 6 8 10 12 15 18 22 26 31 36 42 50 58 67 78 90 104 120 138 158 180 205 233 264 299 337 379 424 474 527 584 644 707 773 840 908 975 1041 1103 1160 1211 1254 1288 1312 1325 1326 1316 1294 1262 1221 1171 1115 1053 988 920 852 785 719 655 595 538 484 435 389 347 309 275 244 216 191 169 149 131 116 102 90 79 69 61
51141 10 6 8 8 9 10 12 13 14 16 18 19 22 24 26 29 32 36 40 44 49 54 60 66 73 80 89 98 108 119 132 145 160 176 194 213 234 256 280 306 334 363 395 427 462 497 533 570 607 644 680 714 746 776 802 823 840 852 858 859 853 842 825 803 777 746 712 675 636 597 556 516 476 438 400 365 331 300 271 243 218 195 175 156 139 123 109 97 86 76 67 59 52 46 40 35 31 27 24 21
51143 10 6 8 9 10 12 13 15 17 20 22 25 29 33 37 42 48 54 61 69 78 89 100 113 128 145 164 186 210 238 269 304 343 387 436 491 552 620 695 778 870 971 1080 1199 1327 1464 1609 1761 1920 2083 2249 2414 2576 2731 2875 3005 3117 3208 3275 3315 3327 3310 3266 3194 3098 2981 2845 2695 2535 2368 2198 2028 1861 1699 1544 1397 1259 1131 1013 904 805 715 634 561 496 438 386 339 298 262 230 202 177 155 136 119 104 91 79 69
51145 10 6 6 5 5 5 4 4 4 4 3 3 3 3 3 3 3 3 3 3 3 3 3 4 5 6 8 9 11 13 16 19 22 26 31 37 43 50 59 69 81 94 109 127 147 169 196 225 259 296 339 386 439 498 562 632 708 789 876 966 1060 1156 1251 1344 1433 1514 1587 1647 1694 1724 1738 1734 1713 1676 1623 1557 1480 1395 1304 1210 1114 1019 927 838 755 676 603 536 476 420 371 326 286 251 220 192 168 146 128 111
51147 10 6 6 6 6 6 5 5 5 5 5 5 5 5 6 6 6 6 6 7 7 7 10 12 15 18 22 26 31 37 43 51 60 70 82 95 110 128 147 169 194 222 253 288 326 369 415 465 520 578 640 704 771 840 909 977 1042 1104 1160 1209 1249 1279 1299 1306 1302 1286 1258 1220 1173 1119 1059 994 927 859 791 725 660 598 540 486 436 389 347 308 273 242 214 189 166 146 129 113 99 87 76 67 58 51 45 39
51149 10 6 8 9 11 12 14 16 18 20 23 26 29 33 37 42 47 53 60 67 76 85 95 107 120 134 150 168 188 210 234 261 291 324 360 400 443 490 542 597 657 721 789 862 938 1017 1098 1182 1266 1350 1433 1512 1588 1657 1718 1771 1813 1843 1862 1867 1860 1840 1808 1764 1710 1648 1578 1502 1422 1339 1255 1171 1087 1006 927 851 779 711 647 587 532 480 433 389 350 313 280 251 224 199 177 158 140 124 110 98 86 76 68 60
51153 10 6 9 10 12 13 15 18 20 23 26 29 33 37 41 46 51 57 64 72 80 90 100 112 126 141 159 178 200 225 254 286 322 363 410 462 522 590 667 753 852 963 1089 1232 1393 1575 1780 2012 2273 2566 2895 3264 3677 4138 4651 5220 5848 6541 7300 8128 9025 9993 11027 12125 13279 14479 15712 16962 18209 19431 20603 21697 22685 23542 24242 24762 25086 25204 25109 24806 24304 23619 22771 21787 20692 19516 18285 17028 15766 14520 13307 12142 11033 9988 9012 8107 7273 6508 5811 5178
51155 10 6 6 6 6 6 6 6 6 6 6 6 7 7 7 8 8 9 10 10 11 12 16 20 25 31 37 45 54 65 77 90 106 125 145 169 196 227 262 301 345 395 450 511 578 651 731 817 909 1006 1108 1213 1319 1426 1530 1629 1721 1803 1873 1927 1965 1985 1986 1968 1931 1878 1809 1728 1636 1537 1432 1326 1219 1114 1013 916 825 739 660 588 522 462 408 360 316 278 244 214 187 164 143 125 109 95 83 72 63 55 48 42
51157 10 6 5 5 4 4 4 3 3 3 3 3 3 2 2 2 2 2 2 2 2 2 3 4 5 6 7 8 9 11 13 15 17 20 23 26 30 34 39 44 50 57 65 73 82 92 103 115 128 141 156 172 189 206 224 242 260 278 296 313 329 343 355 365 372 377 378 377 373 366 356 344 331 315 298 281 263 245 227 209 192 175 160 145 131 119 107 96 86 77 69 62 55 49 43 39 34 30 27 24
51159 10 6 6 5 5 5 5 4 4 4 4 4 4 4 4 4 4 4 4 4 4 5 6 7 9 11 13 16 19 22 26 31 36 43 49 57 66 76 88 100 114 130 147 165 185 207 230 255 280 307 334 361 387 412 436 457 476 491 502 508 511 508 501 490 475 456 435 412 387 361 334 308 282 257 233 211 190 170 152 136 121 107 95 84 74 66 58 51 45 39 35 30 27 23 20 18 16 14 12 11
51161 10 6 6 6 6 6 7 7 7 7 7 8 8 9 9 10 11 12 12 14 15 16 22 28 35 43 53 65 78 94 113 134 159 188 222 261 305 356 415 482 558 645 743 854 979 1119 1275 1448 1639 1847 2074 2319 2581 2857 3146 3443 3744 4043 4335 4611 4864 5087 5273 5415 5507 5547 5532 5464 5344 5178 4971 4730 4462 4176 3880 3579 3280 2988 2707 2441 2191 1959 1745 1550 1373 1212 1069 940 825 724 634 555 485 423 369 322 280 244 213 185
51163 10 6 8 9 11 12 14 15 17 19 22 24 27 30 34 38 42 47 52 58 65 72 80 89 99 110 123 136 151 168 186 206 228 252 279 307 338 371 407 445 485 528 572 618 665 713 761 809 855 899 941 979 1013 1042 1065 1081 1091 1094 1089 1078 1060 1035 1005 970 930 887 841 793 745 696 647 599 552 507 464 423 385 349 316 285 256 230 206 184 164 146 130 116 103 91 81 71 63 56 49 43 38 34 30 26
51165 10 6 6 6 6 6 6 6 5 5 5 5 6 6 6 6 6 6 6 7 7 7 9 12 14 17 21 25 30 36 43 51 61 72 84 99 117 137 160 187 217 253 293 340 393 454 523 601 689 789 900 1025 1163 1316 1484 1667 1865 2077 2302 2539 2784 3034 3285 3532 3770 3993 4193 4367 4507 4609 4671 4688 4662 4592 4482 4336 4158 3954 3731 3494 3249 3002 2757 2518 2288 2070 1864 1673 1496 1334 1186 1052 931 822 725 638 561 493 432 379
51167 10 6 8 9 10 11 12 14 16 17 20 22 25 27 31 34 38 43 48 53 60 66 74 83 92 103 115 129 144 161 179 200 223 249 277 309 343 381 422 467 516 568 624 684 746 812 879 948 1017 1085 1151 1213 1271 1322 1364 1398 1420 1432 1431 1419 1394 1359 1314 1260 1199 1133 1062 989 916 843 772 703 637 575 517 463 414 369 328 290 257 227 200 176 155 136 120 105 92 80 70 62 54 47 41 36 31 27 24 21
51169 10 6 6 5 5 5 5 5 5 5 5 5 5 5 5 5 6 6 6 7 7 8 11 13 17 21 26 31 38 45 54 64 76 90 105 123 143 166 192 221 254 290 331 376 425 479 537 599 665 733 803 875 945 1014 1079 1138 1189 1231 1263 1282 1289 1282 1263 1232 1190 1139 1080 1016 947 877 806 736 669 604 543 486 433 385 341 301 266 234 205 180 157 138 120 105 91 80 69 60 53 46 40 35 30 26 23 20
51171 10 6 6 6 5 5 5 5 5 5 4 4 5 5 5 5 5 5 6 6 6 7 9 11 14 18 22 26 32 38 46 55 65 77 91 107 125 146 171 199 230 267 308 355 407 466 532 606 687 777 874 980 1094 1215 1343 1475 1611 1747 1882 2013 2135 2246 2343 2422 2481 2517 2530 2518 2483 2425 2347 2251 2141 2020 1892 1759 1624 1491 1361 1235 1117 1005 901 805 718 638 565 500 442 390 343 302 265 233 204 179 157 137 120 105
51173 10 6 6 6 6 6 6 6 6 6 6 7 7 7 8 8 9 10 11 12 13 14 19 24 30 37 45 54 65 78 92 109 128 150 176 204 237 273 314 360 412 469 531 600 675 755 841 932 1027 1124 1223 1320 1415 1505 1587 1659 1719 1764 1793 1804 1798 1774 1733 1677 1608 1529 1441 1347 1250 1152 1055 960 869 783 703 628 559 496 439 388 342 301 264 232 203 178 155 136 118 103 90 78 68 60 52 45 39 34 30 26
51175 10 6 8 9 10 11 13 14 16 18 21 23 26 29 33 37 41 46 52 58 65 73 81 91 101 113 126 140 155 172 191 211 233 257 283 311 340 372 405 439 475 512 549 587 624 661 695 728 758 784 806 823 836 843 844 839 830 814 795 770 743 712 678 643 607 570 533 497 461 426 393 361 331 303 276 251 228 206 187 168 152 137 123 110 99 88 79 70 63 56 50 44 39 35 31 28 24 22 19 17
51177 10 6 8 10 11 13 15 17 20 23 26 30 34 39 45 51 58 66 75 86 97 110 125 142 161 183 208 235 267 302 342 388 439 496 561 633 715 806 908 1022 1149 1290 1446 1619 1809 2018 2246 2493 2759 3045 3350 3671 4007 4355 4710 5067 5421 5764 6090 6391 6658 6884 7062 7186 7252 7257 7201 7085 6913 6690 6423 6119 5786 5434 5069 4699 4332 3972 3623 3291 2977 2683 2410 2158 1927 1717 1526 1354 1199 1060 937 826 728 641 564 496 436 382 336 295
51179 10 6 6 6 6 7 7 7 7 8 8 9 10 10 11 12 13 15 16 18 20 22 29 36 45 56 68 83 100 119 142 169 199 235 276 323 377 438 509 589 681 785 902 1035 1184 1351 1538 1745 1975 2228 2506 2808 3134 3485 3857 4249 4658 5079 5505 5931 6348 6748 7120 7456 7745 7980 8153 8258 8292 8253 8144 7968 7732 7441 7106 6737 6342 5932 5514 5098 4688 4292 3912 3553 3215 2901 2610 2343 2098 1876 1674 1491 1327 1179 1047 929 823 729 645 571
51181 10 6 7 7 7 8 8 8 9 9 10 10 11 11 12 13 13 14 15 16 18 19 20 22 24 26 28 30 33 36 40 43 47 52 57 63 69 76 83 91 100 109 119 130 141 154 166 180 193 207 221 235 249 262 274 285 295 303 310 314 317 317 315 310 304 295 285 273 260 246 232 217 201 186 171 157 143 130 118 106 96 86 77 69 61 55 48 43 38 34 30 26 23 20 18 16 14 12 11 9
51183 10 6 8 9 10 11 12 14 15 17 19 21 24 27 30 33 37 41 46 51 57 64 71 79 87 97 107 118 131 144 159 174 191 209 228 249 270 292 315 338 362 386 409 431 453 472 490 506 518 528 534 537 536 532 524 513 499 482 464 443 421 398 375 351 327 304 282 260 239 219 201 183 167 152 138 125 113 102 92 83 74 67 60 54 48 43 38 34 31 27 24 22 19 17 15 14 12 11 10 8
51185 10 6 8 9 11 12 14 16 19 21 25 28 32 36 41 47 53 60 68 76 86 98 110 124 140 158 178 201 226 254 286 321 360 403 451 504 562 625 694 770 851 937 1030 1127 1229 1334 1441 1549 1656 1760 1859 1950 2030 2099 2152 2190 2209 2210 2193 2157 2104 2035 1953 1859 1757 1649 1537 1423 1310 1200 1093 991 895 806 722 646 575 512 454 402 355 313 276 243 214 188 165 144 127 111 97 85 74 65 57 50 43 38 33 29
51187 10 6 8 9 10 11 13 14 16 18 20 22 25 28 31 35 39 43 48 53 59 66 73 82 91 101 113 126 140 156 174 193 215 240 266 296 329 365 405 448 496 548 605 666 732 803 878 958 1041 1128 1218 1310 1402 1493 1582 1667 1746 1818 1880 1931 1970 1994 2005 2000 1980 1946 1899 1840 1770 1691 1606 1515 1422 1327 1233 1140 1049 963 880 802 729 661 598 539 486 437 393 353 316 283 253 227 202 181 161 144 128 114 102 90
51191 10 6 8 9 11 13 15 17 19 22 25 28 32 36 41 46 52 59 67 75 85 96 108 122 138 155 175 197 223 251 282 318 357 402 451 506 567 635 709 791 881 979 1084 1198 1320 1449 1585 1727 1872 2019 2166 2310 2448 2577 2694 2794 2875 2934 2970 2980 2964 2923 2858 2770 2662 2538 2401 2255 2103 1949 1794 1643 1496 1357 1224 1101 986 880 784 696 617 545 481 424 373 328 288 252 221 194 169 148 129 113 99 86 75 66 57 50
51193 10 6 8 9 10 11 13 15 17 19 21 24 27 30 34 38 42 48 53 60 67 75 84 94 105 118 131 146 163 181 201 223 247 273 302 332 364 399 435 473 513 554 595 636 677 717 754 789 820 847 869 885 894 898 894 884 868 846 819 787 752 714 673 632 590 548 506 466 428 391 356 324 293 265 239 215 193 173 155 139 124 111 99 88 78 70 62 55 49 43 38 34 30 27 24 21 18 16 14 13
51195 10 6 6 7 7 7 7 8 8 9 9 10 10 11 12 13 14 16 17 18 20 22 29 36 45 55 67 80 96 114 135 158 185 216 250 289 333 383 438 500 567 642 724 813 908 1010 1118 1231 1347 1466 1584 1700 1810 1913 2005 2083 2145 2188 2212 2214 2195 2156 2098 2023 1933 1831 1721 1606 1487 1368 1251 1138 1029 927 831 743 661 587 520 459 405 356 313 275 241 211 184 161 141 123 107 93 81 71 62 54 47 41 36 31
51197 10 6 8 9 10 12 13 15 17 20 22 25 28 32 36 41 46 52 58 65 74 83 93 104 117 131 146 164 183 205 229 255 285 317 352 391 433 479 528 581 638 698 761 827 895 965 1035 1105 1173 1238 1299 1354 1402 1441 1470 1489 1496 1492 1476 1449 1411 1364 1309 1247 1180 1109 1037 963 890 818 748 681 618 559 504 452 405 362 323 287 255 226 200 177 156 138 121 107 94 83 73 64 56 49 43 38 33 29 25 22
51199 10 6 8 10 11 13 15 17 20 22 26 29 33 38 43 49 55 62 71 80 90 102 115 130 147 165 186 210 236 266 298 335 376 422 473 529 592 661 737 820 912 1012 1120 1237 1363 1498 1641 1791 1948 2111 2276 2444 2610 2772 2927 3072 3203 3316 3409 3478 3523 3540 3529 3491 3426 3336 3224 3093 2946 2787 2619 2447 2272 2099 1929 1765 1608 1460 1320 1190 1069 959 857 765 682 606 538 477 422 374 330 291 257 227 200 176 155 136 119 105
51510 10 6 6 5 5 5 4 4 4 4 3 3 3 3 3 2 2 2 2 2 2 2 2 3 3 3 4 5 5 6 7 9 10 12 14 16 19 22 25 30 35 40 47 54 63 73 85 99 115 133 155 179 207 240 278 321 371 428 493 568 654 753 865 992 1137 1301 1487 1695 1929 2191 2481 2801 3154 3538 3953 4398 4869 5363 5873 6392 6909 7414 7893 8334 8723 9047 9293 9453 9521 9493 9370 9158 8863 8497 8072 7602 7102 6583 6059 5540
51520 10 6 6 5 5 5 5 4 4 4 4 4 4 4 4 4 4 4 4 4 5 5 7 8 10 12 15 18 22 26 31 36 43 50 59 69 80 94 109 126 145 167 191 218 249 283 320 360 404 451 500 552 606 661 715 768 818 864 905 939 964 980 987 984 970 948 916 878 833 784 732 678 623 570 517 467 420 376 335 297 263 233 205 180 158 138 121 106 92 80 70 61 53 46 40 35 30 26 23 20
51530 10 6 8 8 10 11 12 13 15 17 19 21 24 26 30 33 37 41 46 51 57 63 70 77 85 94 103 113 124 136 148 160 173 187 200 214 227 240 252 264 274 283 290 296 300 301 301 298 293 287 279 269 258 247 234 221 208 194 181 168 156 144 133 122 112 102 94 86 78 71 65 59 53 48 44 40 36 32 29 26 24 22 19 17 16 14 13 11 10 9 8 7 7 6 5 5 4 4 3 3
51540 10 6 8 9 10 11 12 14 15 17 19 21 24 27 30 34 38 42 47 53 59 66 74 82 92 103 115 129 144 161 180 201 225 251 281 313 349 389 433 482 535 594 658 728 803 885 973 1066 1165 1270 1379 1491 1606 1722 1837 1950 2057 2158 2249 2328 2393 2442 2474 2487 2481 2455 2412 2350 2273 2183 2081 1970 1854 1733 1610 1489 1369 1253 1142 1036 937 844 758 679 607 541 482 428 379 336 297 262 231 204 179 158 139 122 107 94
51550 10 6 8 9 10 12 13 15 17 19 22 25 29 32 37 42 47 54 61 70 79 90 102 116 131 149 170 193 220 250 284 324 368 419 477 542 617 701 797 906 1029 1168 1325 1502 1701 1925 2175 2455 2767 3112 3495 3915 4375 4875 5416 5996 6613 7262 7938 8633 9337 10037 10720 11371 11972 12506 12958 13312 13556 13680 13679 13554 13307 12946 12485 11937 11319 10648 9944 9221 8495 7779 7085 6419 5790 5200 4653 4150 3690 3272 2894 2555 2251 1980 1739 1526 1337 1170 1023 894
51570 10 6 7 8 9 10 11 12 13 14 16 17 19 21 23 25 28 30 33 37 40 44 49 53 59 65 71 78 86 94 103 113 125 137 150 164 180 197 216 235 257 280 305 331 358 388 418 450 483 517 551 586 620 653 685 715 743 767 788 805 818 826 829 827 819 807 790 768 743 714 683 649 613 577 539 502 466 430 395 362 330 300 272 246 222 199 179 160 143 128 114 101 90 79 70 62 55 49 43 38
51580 10 6 8 8 9 11 12 13 15 16 18 20 22 25 28 31 34 37 41 46 50 56 61 67 74 81 88 96 105 114 124 134 144 155 166 176 187 198 208 217 226 234 240 246 250 252 253 252 250 247 241 235 228 219 210 200 190 179 169 158 148 138 128 118 109 100 92 84 77 70 64 58 52 47 43 38 34 31 28 25 22 20 18 16 14 13 11 10 9 8 7 6 5 5 4 4 3 3 3 2
51590 10 6 8 9 10 11 13 14 16 18 21 24 27 30 34 39 44 50 56 63 72 81 92 104 117 132 149 168 190 214 241 271 305 342 384 430 481 537 598 666 739 818 902 993 1089 1189 1293 1400 1508 1616 1721 1821 1915 1999 2071 2129 2172 2197 2204 2192 2161 2113 2050 1971 1881 1782 1676 1565 1453 1340 1230 1123 1020 923 832 747 669 597 532 473 419 371 328 289 255 225 198 174 153 134 117 103 90 79 69 61 53 46 41 36
51595 10 6 6 5 5 5 5 5 4 4 4 4 4 4 4 4 4 4 4 4 5 5 6 8 9 11 13 16 19 22 26 31 36 41 48 55 63 72 81 92 104 116 130 145 160 175 191 208 223 239 253 266 277 286 292 296 297 295 291 283 274 262 249 234 219 203 187 171 156 141 127 114 102 91 81 72 64 56 49 44 38 34 29 26 23 20 17 15 13 12 10 9 8 7 6 5 5 4 3 3
51600 10 6 7 7 7 7 7 7 8 8 8 8 8 9 9 9 9 10 10 10 11 11 11 11 12 12 13 13 13 14 14 15 16 16 17 18 19 20 21 23 24 26 28 30 32 35 38 42 46 51 56 62 69 76 85 95 107 119 134 150 169 190 214 240 270 303 339 380 425 474 527 584 645 710 778 849 921 992 1063 1131 1194 1250 1299 1337 1364 1379 1381 1370 1346 1311 1264 1209 1146 1078 1007 933 859 786 715 648
51610 10 6 5 4 3 3 2 2 1 1 1 1 1 1 1 0 0 0 0 0 0 0 0 0 0 0 1 1 1 1 1 1 1 2 2 2 3 3 3 4 5 5 6 7 8 10 11 13 15 18 20 23 27 31 36 41 47 54 62 71 81 93 106 121 137 156 177 200 226 255 286 319 356 395 436 479 524 569 615 659 701 740 775 805 828 844 852 853 845 829 806 776 741 702 660 615 569 524 479 435
51620 10 6 8 8 9 10 11 13 14 16 18 19 22 24 27 30 33 36 40 44 49 54 60 66 73 80 88 97 106 117 128 139 152 165 179 193 208 223 239 255 271 286 301 315 328 340 350 358 364 368 370 370 367 362 355 347 336 324 310 296 281 266 250 234 219 204 189 175 161 148 136 124 113 103 94 85 77 70 63 57 51 46 41 37 33 29 26 23 21 19 17 15 13 12 10 9 8 7 6 6
51630 10 6 8 8 9 10 11 12 14 15 17 19 21 23 25 28 31 34 38 42 47 52 57 64 70 78 87 96 106 118 131 145 160 178 197 218 241 266 294 324 357 393 433 475 520 569 620 675 733 793 855 918 982 1047 1110 1171 1229 1282 1330 1370 1403 1427 1441 1445 1439 1422 1395 1360 1315 1264 1206 1144 1078 1010 942 873 805 740 677 616 560 507 457 411 369 331 296 264 235 209 186 165 146 130 115 101 90 79 70 62
51640 10 6 6 5 5 5 4 4 4 4 4 3 3 3 3 3 3 3 3 3 3 3 4 5 6 7 8 10 12 14 16 19 22 25 30 34 39 45 52 60 68 78 89 100 113 127 143 159 177 195 214 234 254 274 293 311 328 342 355 364 370 372 371 367 359 347 334 317 300 281 261 241 221 201 182 165 148 132 118 105 93 82 72 64 56 49 43 38 33 29 25 22 19 17 15 13 11 10 8 7
51650 10 6 8 9 11 13 14 17 19 22 25 28 32 37 42 47 54 61 69 78 88 100 113 128 145 164 185 209 237 267 302 340 384 433 488 550 619 697 783 880 988 1107 1240 1387 1549 1727 1922 2135 2366 2615 2882 3167 3469 3785 4113 4450 4792 5133 5467 5789 6091 6366 6607 6807 6961 7062 7108 7098 7030 6908 6733 6513 6251 5957 5637 5298 4948 4594 4241 3895 3560 3240 2936 2651 2385 2139 1914 1707 1520 1350 1197 1060 936 827 729 642 564 496 436 382
51660 10 6 6 5 5 5 5 4 4 4 4 4 3 3 3 3 3 3 3 2 2 2 3 3 4 4 5 6 7 8 10 11 13 16 19 22 26 30 36 42 50 58 68 80 94 111 130 151 177 206 241 280 325 377 436 503 579 665 761 869 988 1119 1261 1415 1580 1754 1935 2120 2307 2490 2665 2828 2973 3096 3191 3256 3288 3286 3250 3180 3081 2956 2810 2646 2472 2290 2106 1925 1747 1578 1417 1267 1128 1001 886 781 687 603 528 462
51670 10 6 8 8 9 10 11 12 14 15 17 18 20 23 25 28 31 34 38 42 46 51 57 63 69 77 85 94 104 115 127 141 155 172 189 209 230 253 279 306 335 367 401 437 476 516 559 602 648 694 740 787 832 876 917 955 989 1018 1042 1060 1071 1075 1073 1063 1047 1024 995 962 924 882 838 792 744 696 648 600 554 510 467 426 388 352 319 287 259 232 208 186 166 148 132 117 104 92 82 73 64 57 50 44
51678 10 6 6 5 5 5 5 4 4 4 4 4 4 4 4 4 4 4 4 4 4 4 5 6 8 9 11 13 16 19 22 25 30 35 40 46 53 61 70 80 92 104 118 133 149 167 185 205 226 247 269 291 313 333 352 370 384 396 405 409 410 407 400 390 377 361 342 322 301 279 258 236 215 195 176 158 142 126 113 100 88 78 69 61 54 47 41 36 32 28 24 21 19 16 14 12 11 10 8 7
51680 10 6 8 9 10 11 13 14 16 18 21 23 26 29 33 37 41 46 52 58 65 73 82 92 104 116 131 147 166 187 210 237 267 301 339 382 430 484 545 613 689 774 869 974 1091 1219 1359 1513 1680 1860 2052 2257 2472 2696 2926 3159 3390 3616 3831 4029 4205 4354 4470 4550 4590 4588 4544 4460 4338 4182 3997 3789 3563 3326 3084 2840 2600 2366 2143 1932 1735 1552 1383 1229 1090 963 850 749 658 578 507 444 388 340 297 259 226 197 172 150
51683 10 6 6 5 5 5 4 4 4 4 3 3 3 3 3 3 3 3 3 2 2 2 3 4 5 5 6 8 9 11 13 15 17 20 23 27 31 36 42 48 56 64 74 85 98 112 128 147 168 192 219 249 284 322 366 414 468 528 594 667 747 833 927 1028 1135 1248 1365 1486 1608 1729 1847 1960 2063 2155 2232 2292 2333 2353 2352 2329 2285 2222 2141 2046 1939 1823 1702 1578 1454 1331 1213 1099 992 892 799 713 635 564 500 442
51685 10 6 5 5 4 4 3 3 3 3 2 2 2 2 2 2 1 1 1 1 1 1 2 2 2 3 3 4 5 6 7 8 9 10 12 14 16 18 21 24 27 31 36 41 46 53 60 68 78 88 100 113 128 145 164 184 207 233 261 292 325 361 400 442 486 532 580 628 677 726 772 816 856 891 920 942 956 961 958 947 927 900 866 827 783 736 687 637 587 538 490 445 402 362 325 290 259 230 204 181
51690 10 6 6 5 5 5 4 4 4 4 3 3 3 3 3 2 2 2 2 2 2 2 2 2 3 3 4 5 6 7 8 9 11 13 15 18 21 25 29 34 40 47 55 64 75 87 101 117 135 156 179 205 234 265 300 337 377 419 464 509 554 599 642 681 717 747 770 785 792 791 782 764 739 708 671 631 588 544 499 455 413 372 333 297 264 234 207 182 160 140 123 107 93 81 71 62 53 46 40 35
51700 10 6 9 10 12 14 17 20 23 27 31 36 42 48 55 64 73 84 96 110 126 144 164 188 214 245 279 318 363 413 471 536 609 692 786 892 1012 1146 1297 1466 1654 1864 2097 2354 2638 2949 3289 3656 4052 4476 4924 5393 5881 6379 6882 7380 7863 8321 8742 9114 9425 9667 9830 9909 9900 9803 9622 9362 9032 8642 8203 7728 7229 6716 6201 5693 5199 4724 4274 3852 3458 3095 2762 2458 2183 1935 1711 1512 1333 1174 1033 908 798 700 614 538 472 413 361 316
51710 10 6 6 6 7 7 7 7 7 7 8 8 8 9 9 10 11 11 12 13 15 16 21 27 34 42 51 63 76 92 110 131 157 186 220 260 306 360 422 494 577 672 782 909 1054 1220 1409 1624 1868 2145 2457 2807 3198 3634 4116 4646 5225 5853 6526 7241 7992 8770 9563 10358 11137 11882 12573 13188 13708 14114 14390 14527 14519 14365 14072 13650 13115 12486 11783 11027 10241 9441 8646 7869 7122 6414 5749 5132 4565 4047 3578 3155 2775 2437 2136 1870 1634 1427 1245 1085
51720 10 6 7 8 9 10 10 11 13 14 15 16 18 19 21 23 25 27 29 32 34 37 40 44 47 51 54 59 63 67 72 77 82 87 93 98 104 110 115 121 126 131 136 141 145 149 152 155 158 159 160 161 161 160 158 156 153 149 145 141 136 130 124 118 112 105 99 92 86 79 73 67 61 56 51 46 42 38 34 30 27 24 22 19 17 15 13 12 11 9 8 7 6 6 5 4 4 3 3 3
51730 10 6 8 9 10 11 12 14 15 17 19 21 24 27 30 33 37 41 46 52 58 64 72 80 89 99 110 123 137 153 170 189 210 233 259 287 318 352 389 429 473 520 571 625 682 743 807 873 941 1010 1080 1149 1216 1281 1342 1397 1446 1486 1518 1540 1551 1552 1542 1521 1490 1450 1401 1346 1285 1219 1150 1080 1008 937 867 799 733 671 611 555 503 455 410 369 331 296 265 237 211 188 167 148 131 117 103 91 81 71 63 55
51735 10 6 7 8 9 10 11 12 13 14 15 17 18 20 22 24 26 29 32 35 38 42 46 50 55 60 66 72 79 86 94 103 112 123 134 146 159 172 187 203 219 237 255 274 294 315 336 358 379 401 422 442 461 479 496 510 522 532 539 543 544 542 536 528 517 503 487 469 449 428 405 382 359 336 313 290 268 246 226 207 189 171 156 141 127 114 103 92 83 74 66 59 52 47 41 37 33 29 26 23
51740 10 6 6 5 5 5 5 5 5 4 5 5 5 5 5 5 6 6 7 7 8 9 12 16 20 25 31 38 46 56 67 80 95 113 133 157 184 216 253 295 343 398 461 533 615 707 812 929 1061 1208 1372 1552 1750 1966 2200 2450 2716 2995 3285 3580 3876 4168 4449 4711 4947 5150 5314 5433 5501 5518 5482 5394 5258 5079 4862 4615 4345 4060 3766 3470 3178 2894 2622 2364 2123 1899 1692 1504 1333 1179 1040 916 805 707 620 543 475 415 363 317
51750 10 6 6 5 5 5 4 4 4 4 4 3 3 3 3 3 3 3 3 3 3 4 5 6 7 9 11 13 16 19 23 27 32 38 45 53 62 73 86 100 116 135 156 180 207 238 272 310 351 397 446 499 556 615 676 739 801 861 919 972 1018 1057 1086 1104 1111 1107 1091 1065 1029 984 933 877 817 756 694 633 574 518 465 415 370 328 290 256 225 197 173 151 132 115 101 88 76 66 58 50 44 38 33 28
51760 10 6 8 9 10 11 13 14 16 18 21 23 27 30 34 39 44 50 56 64 72 82 92 105 119 135 153 174 197 224 254 289 328 373 424 481 547 621 705 801 909 1031 1169 1325 1500 1697 1919 2166 2442 2750 3090 3466 3879 4331 4821 5350 5915 6515 7145 7797 8465 9137 9801 10442 11046 11596 12074 12467 12759 12940 13002 12944 12765 12472 12075 11588 11024 10403 9740 9053 8357 7665 6990 6341 5723 5144 4604 4107 3652 3238 2864 2527 2225 1957 1718 1506 1319 1153 1008 880
51770 10 6 8 9 10 12 13 15 17 19 21 24 27 30 34 38 43 48 54 61 68 76 86 96 108 121 136 153 172 194 218 246 277 312 351 395 445 500 563 633 712 799 897 1006 1127 1261 1408 1570 1747 1940 2148 2371 2610 2861 3124 3396 3673 3951 4226 4490 4739 4965 5162 5324 5445 5521 5548 5525 5453 5334 5171 4970 4737 4479 4202 3914 3621 3329 3043 2767 2503 2255 2023 1808 1611 1431 1268 1121 989 871 766 673 590 517 452 395 345 302 263 230
51775 10 6 6 5 5 4 4 4 4 4 3 3 3 3 3 3 3 3 3 3 4 4 5 6 8 10 12 15 18 21 25 30 35 42 49 57 67 78 91 105 122 141 162 187 214 245 280 319 362 410 463 521 584 651 724 800 879 960 1042 1124 1203 1277 1344 1403 1451 1487 1508 1515 1507 1484 1447 1398 1337 1268 1193 1113 1031 948 866 787 711 639 572 511 454 402 355 313 276 242 212 186 163 142 124 108 94 82 71 62
51790 10 6 8 8 10 11 12 13 15 17 19 21 23 26 29 33 37 41 46 51 57 63 70 79 88 98 109 121 135 151 167 186 207 230 255 282 312 345 380 418 459 503 549 599 650 704 759 815 871 927 981 1033 1082 1125 1163 1195 1219 1235 1242 1240 1229 1210 1182 1147 1106 1059 1008 953 896 838 780 723 666 612 560 510 463 420 379 342 307 276 247 221 197 175 156 139 123 109 97 86 76 67 59 52 46 41 36 32
51800 10 6 8 9 10 12 13 15 17 19 22 25 28 32 36 41 47 53 60 68 76 87 98 111 126 142 161 182 206 233 264 298 337 381 430 485 547 616 693 779 874 979 1096 1224 1363 1516 1681 1859 2050 2252 2465 2687 2916 3150 3385 3617 3842 4056 4253 4428 4577 4696 4780 4828 4836 4806 4738 4633 4495 4329 4138 3927 3702 3468 3229 2990 2754 2525 2304 2094 1896 1711 1539 1381 1235 1103 982 873 775 687 608 537 474 418 369 324 285 251 220 194
51810 10 6 9 11 13 16 19 22 25 30 34 40 46 53 61 70 80 92 105 120 138 157 180 205 234 268 305 348 397 453 517 589 671 764 871 991 1128 1283 1459 1658 1883 2138 2424 2747 3111 3518 3974 4483 5049 5677 6372 7135 7971 8880 9864 10919 12043 13229 14466 15740 17034 18327 19595 20808 21937 22951 23819 24513 25008 25287 25338 25157 24751 24131 23319 22340 21225 20006 18715 17384 16041 14711 13416 12172 10991 9882 8851 7901 7030 6239 5522 4878 4300 3785 3326 2919 2559 2241 1960 1714
51820 10 6 6 5 5 5 4 4 4 4 4 3 3 3 3 3 3 3 3 2 2 2 3 3 4 5 6 7 8 10 12 14 16 20 23 28 33 39 46 54 63 74 87 101 118 137 159 184 213 245 282 322 368 418 473 533 597 666 738 813 890 967 1043 1115 1182 1241 1292 1330 1357 1369 1368 1352 1323 1282 1230 1169 1101 1029 954 878 802 729 658 592 530 472 419 371 327 288 253 222 194 170 148 129 113 98 85 74
51830 10 6 6 5 5 5 4 4 4 4 4 4 3 3 3 3 3 4 4 4 4 4 6 7 8 10 13 15 18 22 26 31 36 42 49 58 67 78 90 104 120 137 157 179 204 231 262 295 330 369 410 453 498 545 592 638 684 726 766 800 829 851 865 871 868 857 838 812 780 742 700 655 609 562 515 470 426 384 345 309 276 245 217 192 170 149 131 115 101 89 78 68 59 52 45 40 35 30 26 23
51840 10 6 8 8 9 11 12 13 15 17 19 21 24 27 30 34 38 42 48 53 60 67 76 85 95 107 120 134 151 169 189 211 236 263 294 327 363 403 447 494 545 599 657 718 783 849 918 988 1057 1126 1192 1254 1311 1362 1404 1437 1459 1470 1470 1458 1435 1400 1357 1304 1244 1179 1110 1038 965 892 821 751 685 621 562 506 455 408 365 325 290 258 229 203 180 159 140 124 109 97 85 75 66 58 51 45 40 35 31 27
